-123.74509 1578.406115 3.089342 555.5755652
-214.70807 1760.320621 -34.091793 481.9435031
-326.11246 1980.133983 -72.12135 399.6488454
-333.16266 1988.796579 -153.84357 238.3080034
-335.34805 1999.624823 -202.23242 147.3507502
-179.2791 1694.26833 -239.22289 79.13281029
-201.58536 1724.587415 -153.04921 244.8049501
-199.60374 1718.090468 -91.68822 366.0812877
-144.29655 1626.05039 -140.67284 266.4614389
-2.0021396 1338.019088 -105.9399 317.3541877
11.457618 1320.693897 -11.428645 519.8423586
176.43373 996.9293889 37.042347 620.5450317
181.92499 980.6870223 212.41374 962.7175557
358.4735 640.6801472 133.0573 811.1221337
402.70898 498.8301452 212.65523 995.202289
474.57816 425.1980831 215.1265 946.4751891
502.07355 379.7194565 92.26351 759.1465604
572.4224 248.6976989 182.62596 925.9015246
649.9787 64.61754358 127.72833 863.097707
676.1837 21.30456586 126.1107 855.5179359
597.3163 171.8171634 35.805668 616.213734
653.29706 59.20342136 -33.05669 486.2748008
626.5279 115.5102924 -67.66682 416.9740365
660.1278 47.29235249 -125.61399 301.1118211
597.52704 158.8232701 -162.23369 225.3141101
530.2904 300.6732721 -66.59114 414.8083876
421.1598 517.2381607 -85.69851 385.5721276
352.06592 651.5083916 -192.90062 169.0072391
285.29935 781.4473248 -172.18849 202.5747968
221.38377 917.8832046 -156.30008 230.7282323
187.46407 990.4324423 -100.83448 336.8450277
242.51965 866.9904558 -56.552773 420.2225098
232.67006 881.0671735 -8.825325 532.8362519
143.67639 1060.816031 1.9898143 556.6583896
263.57373 825.2304169429713 60.444946 665.5695872015913
215.53621 918.938971319629 64.59345 674.2006382625992
200.67952 939.2835916777192 183.65565 915.870067970822
242.3576 870.8604940318304 167.82304 876.801351127321
402.988 498.4452316165856 215.44379 999.5443933937264
489.9796 399.02984667399875 224.97252 966.7399098498208
572.467 248.43841180371345 182.61906 928.2794056697612
640.7495 101.43311712533153 128.64154 861.3271095822281
676.0863 22.119922911140574 126.10177 857.2581855106101
651.355 62.624212533156495 -26.354536 492.16472562997353
671.3696 27.66845573607418 -48.256756 452.21528929045087
656.6319 55.965973143236 -167.55879 223.0608836206896
599.0841 154.7298574270556 -153.92882 241.9258952254641
470.45926 428.8273789787798 -142.7833 266.8942929376657
360.74158 636.3425066312997 -190.68753 173.6789414787798
285.11554 779.4946535145888 -205.91069 143.71686422413788
204.96005 929.0584383289124 -235.53627 98.34219578912462
46.092983 1236.0772546419098 -178.5876 179.72067722148535
36.69203 1255.8053713527852 -128.13344 260.48265500663126
-150.38937 1637.42112897878 -222.16008 105.12373590848796
-150.38937 1637.42112897878 -222.16008 105.12373590848796
-242.75421 1814.3576757294431 -237.04745 81.08009366710863
-328.63452 1985.7456896551726 -236.19176 86.62862649204232
-343.35175 2011.0223391909817 -204.21248 142.73045838859403
-340.6681 2003.0077917771885 -84.35893 377.00184433023867
-142.66422 1620.159026856764 47.954094 644.5644272214854
-35.39442 1407.3771966180373 130.05365 804.8994114721486
19.183619 1303.5403680371355 127.85569 800.9361737400532
171.39232 1011.0534234084882 187.70084 924.5891909814325
177.53383 992.0298822944299 216.9028 974.5259864058355
342.722 673.3855686339522 149.78426 854.0435593501327
401.73907 498.21046087533136 213.57257 996.7201177055704