-26.722855 995.5726842475337 -315.11166 97.6918491095278
-5.2168126 948.4762091977992 -301.7885 120.21625022027045
40.702114 847.2154851427595 -302.0319 118.13555041092032
37.16918 852.7640179676931 -283.39536 150.73318075740576
37.16918 852.7640179676931 -283.39536 150.73318075740576
9.689067 911.0236126294968 -199.32245 290.1400679838647
93.136566 729.3091626129185 -261.90524 187.49221072259144
101.09617 714.050697344351 -114.019684 433.70835482902385
77.674675 760.5196597531706 -114.18195 432.32122162279046
34.915142 857.6189841895101 -79.52993 491.2743828877109
9.690561 913.7978790419637 -44.231243 549.5339775495146
-20.567053 980.380272941168 -47.57383 542.5983115183476
-42.798523 1030.3170683655712 -59.883396 521.0977468217295
-47.75426 1040.720567412322 -40.970192 553.6953771682149
39.59841 847.172911901387 4.763667 632.0312190969262
-30.86492 1005.4978232715155 8.234131 637.9411856534963
-35.87204 1015.786998152917 29.717592 673.0768124707274
-56.863426 1061.4429611663822 46.2417 701.1535952282073
0.06965559 934.3390032519795 59.206337 719.5268390957651
-23.944544 989.2078278541015 78.4081 752.2015323981523
-29.478888 1003.3874117400433 171.53671 906.9439478490807
5.0749636 925.7079521909716 166.79929 899.5459040825025
35.014793 859.1255582917673 191.10312 940.8516484458977
-26.616102 997.4066748176394 205.6832 968.8079150779181
-59.716793 1068.8440349386606 205.29698 966.7272152685679
-104.92823 1169.4111923905837 205.35146 966.7272152685679
-159.25339 1289.3982147297747 206.02866 968.8079150779181
-158.77867 1292.8660477453582 126.432335 832.1752942639259
-198.21268 1380.9490063411804 70.79583 742.0116358587536
-195.49866 1370.5455072944299 33.8965 678.8970749751329
-159.51038 1288.704648126658 -315.48215 95.60756175397887
-67.84041 1074.3925677635941 -312.16974 103.93036099137939
-26.780815 996.0195416114059 -315.18588 96.99469496021229
93.46824 728.9963994114721 -305.11295 112.25316022877993
100.93428 712.1856660311671 -180.07054 323.3660270225464
-161.07079 1294.6495047248013 10.013813 638.6636065981434
-141.19482 1250.2612421253318 -23.604092 582.3856308023874
-151.39017 1274.0406685179046 -61.677616 519.7664746352785
-137.61589 1241.5421191147216 -104.820045 446.8429003647216
-144.56541 1258.1877175895227 -164.1095 347.7619570623343