-361.1398 1739.765138013926 263.34192 890.8752486737402
-361.0673 1739.1486343667111 181.0167 796.5501906498675
-339.29007 1704.6244301226793 142.60736 750.9289207559683
-255.5302 1571.5019955240102 -246.27841 282.00160075902375
-239.4862 1545.8933824858548 -394.57745 107.43622188226385
-165.18169 1428.9473829449446 -396.6803 106.15579123035607
-150.95793 1405.0460107759995 -339.93988 172.31137491225775
-50.88539 1300.9043177541673 -356.9111 153.9585355682463
99.715065 1008.5393189018921 -420.46848 68.16968189042545
203.41641 840.8029035019737 -411.1288 87.80295188634464
254.91438 757.5749111279683 -453.13916 37.43934624463887
271.6769 731.1126776552077 -451.7294 40.427017765757
288.14084 705.5040646170522 -455.55292 36.15891559273109
286.238 709.3453565727755 -419.47 79.26674754029285
306.3245 674.857047668843 -411.25305 87.00733587533156
322.43137 650.073601050806 -411.13693 87.37723806366046
359.16772 594.2183706131402 -412.12427 88.4869446286472
359.16772 594.2183706131402 -412.12427 88.4869446286472
530.40485 322.82909230606924 -408.3918 89.13418107505886
529.5042 321.6401209864406 -339.69598 171.56952590264507
492.22552 381.08868696787295 -339.58533 172.75849722227372
407.95944 515.8387698591196 -122.97044 429.972626035271
344.6937 614.9857671237087 -297.09174 223.81821000410392
316.109 659.8364074585893 -278.09488 244.1628303621941
380.17252 558.1133056681383 -372.2381 134.11692933434261
346.66898 613.136256182064 -345.9628 165.5586153423002
291.7568 700.5256481747697 -210.38608 326.4660672653771
281.10345 717.1712466495708 -194.729 345.4235544172339
276.07172 725.0316681515601 -169.11177 377.3276181606026
282.7471 713.4722247662817 -142.41333 408.306926433149
282.68585 716.6500208387438 -69.76141 492.9276565919989
283.34528 714.2462217821969 -6.2527814 570.0796970353916
282.96136 714.5726060660165 17.439968 600.7598197144367
284.18115 711.9615317954595 57.12922 654.2868422608558
280.43845 718.8272583372367 82.81615 677.4601264120494
280.4262 718.0346107908176 122.66862 725.4153029704048
278.35583 720.8749311654863 165.00252 775.7484221680176
261.1762 747.8273497059974 205.04002 823.432176990781
293.68784 698.4454075640876 376.0728 1028.7278915133274
212.86473 824.9519559725755 217.12195 838.413215618102
167.24837 898.7474425441936 235.89351 860.6073469178366
136.78111 947.0196781211167 229.31479 852.2845476804362
102.03709 1003.0598596529469 235.98538 861.1622002003301
74.26285 1046.8932689699232 235.02164 858.9427870703566
40.949295 1100.7140373717798 235.8158 859.4976403528499
9.410403 1151.7605393611698 235.46907 858.9427870703566
-26.64057 1208.9104274579868 205.84854 823.432176990781
58.623657 1069.437077426125 -222.56442 310.65958889209173
14.577012 1140.2875734983552 -295.72745 224.01711477966572
-41.27287 1226.5032373934787 -285.004 237.24823151604605
10.243795 1146.689726757894 -180.02443 361.02319453379755
-31.684044 1146.689726757894 -190.2215 361.02319453379755
3.106666 1156.5063617558535 -72.40461 490.77350059378534
3.5935662 1156.5063617558535 -35.416325 535.1617631932548
35.076023 1106.5695663314502 17.194386 600.8905366578538
89.08362 1017.7930411325111 -35.714584 535.5885734105574
89.98986 1017.7930411325111 6.4696274 585.9521790522631
89.95765 1017.3662309152086 40.946007 626.925959913312
-38.948673 1223.0887556550576 -114.86076 439.9830847347769
-1.314014 1165.8285289851888 143.17465 754.7534784644685
25.713675 1121.7870496872774 175.67314 794.6335581436794
-46.62039 1240.7337221217936 103.69804 705.1634663416237
-76.547195 1291.7108674508718 153.18022 766.890894019011
-121.20443 1364.8821440796846 174.26451 792.8996416358875
-113.49705 1352.397945223584 149.72978 762.0359277971938
-107.15305 1341.3008795737164 120.57382 727.0108143397999
-88.0566 1304.1950663069724 62.910084 653.4927544094286