-38.721054 1285.0920968847963 -40.976574 582.6814724876415
-38.716866 1284.0412383952257 -67.86347 474.56915108060036
-50.581684 1352.4731432360745 -93.08291 377.4698266442609
-51.59116 1355.2474096485414 -124.68663 250.77832714160834
-72.876274 1472.691354442971 -171.64278 58.42918921057384
-73.00478 1471.7665989721488 -176.25401 31.611280556727706
-8.289928 1122.2090310013264 -177.5496 35.31030244001681
-8.431754 1120.359520059682 -168.80235 67.67674391879666
51.863087 801.3188826259948 -169.09029 68.60149938961894
80.75057 642.2609416445624 -177.77025 36.23505791083909
89.0171 600.0920921750663 -165.7925 83.36115716180372
98.34242 545.7164704907162 -138.76143 194.33181366047745
89.03805 597.8726790450929 -100.66924 345.25190649867375
105.66697 509.09615384615387 -41.09452 583.8388179708223
88.99903 593.433852785146 -7.954553 715.8938992042441
88.936935 593.433852785146 31.02371 874.5819379973475
80.62937 640.041528514589 68.89275 1026.6117374005305
51.590694 796.510154177719 68.57429 1027.7214439655172
-17.84429 1169.3715600132625 68.409706 1026.6117374005305
-29.25511 1232.6248342175065 61.99351 997.7593667108754
-50.923954 1352.4731432360743 68.13416 1027.7214439655172
-73.05849 1473.4311588196288 67.32254 1031.0505636604773
-73.05849 1473.4311588196288 67.32254 1031.0505636604773
34.120884 895.2740384615386 49.17566 947.8225712864722
-39.072723 1284.9263614887268 7.8768973 782.5027146883288
-51.53661 1352.6184619529176 7.5885696 781.393008123342
-48.16894 1333.7534503481434 -93.319046 373.02099220822265
-38.29953 1277.7132688163128 -54.3848 531.7090310013261
32.05993 906.5164228282492 -54.49974 529.4896178713526
43.64043 838.2694690815649 -54.391525 530.044471153846