-268.9632 1390.3953650600072 -371.31708 445.25077177597285
-249.99495 1296.981657919092 -362.3976 499.446865434964
-249.31502 1295.6540771370942 -340.91602 632.6907673516573
-249.32065 1295.3333855830754 -330.7705 689.9330929237271
-249.24397 1296.0951486479817 -319.37552 763.0623471547108
-248.92845 1294.9525040506223 -311.50998 813.3387094385122
-248.90977 1294.9525040506223 -300.14804 882.6591483449656
-248.74007 1292.5625346700228 -286.17215 969.5312555165178
-258.8601 1341.0345640471446 -284.14163 973.6935687339133
-258.98282 1342.4819138704663 -279.44873 1006.0177147880946
-202.36122 1063.046120766829 -274.00418 1039.3245132115012
-220.6289 1154.0223953756126 -273.76678 1039.8414238626874
-176.90515 941.3792950478077 -277.9479 1014.3281135308057
-164.41362 879.2103962797639 -277.97565 1013.9725052872041
-140.98656 765.2766616986796 -294.66544 914.4155138687288
-139.04276 756.5607469660536 -281.18152 994.6007665430274
