
-249.345 1347.3149449202594 -340.84433 632.9720502265222
-249.29602 1347.238768613769 -330.8873 689.3425170295723
-249.26361 1346.808916598572 -319.26263 762.2806709592085
-249.0632 1347.7957460235639 -311.46924 814.5826304837829
-268.5598 1454.091702425974 -310.6548 817.9310902937641
-249.08075 1347.7256801159901 -299.79025 882.6128295619096
-268.33002 1455.2883674759755 -299.06528 887.9233263401263
-248.91365 1345.2093725800194 -295.224 910.2490066276438
-258.97598 1400.0197769473557 -279.38226 1006.566152628598
-258.9829 1400.4454680718623 -284.19348 974.6393182906224
-220.72949 1186.0415722379103 -273.7923 1041.617255755361
-202.32472 1081.2597030527984 -273.81534 1041.6658541926518
-140.88007 743.643346892273 -294.64432 915.4847912822604
-148.17169 785.9517101929586 -302.7903 861.2183037511622
-164.16098 872.8602340488459 -301.89615 866.2855217858557
-192.9288 1032.0821574918332 -302.83865 861.4438453644967
-137.21802 723.0575542383954 -283.20547 982.5099294305397
-123.168724 642.2133879279843 -280.67538 998.6454561690048
-120.123116 625.4546005000502 -286.36188 965.5087628455904
-139.58005 735.4506628957934 -343.8291 613.8173972964905
-112.23059 583.4551263512518 -344.98068 604.8190710922877
