-107.41925 624.3303067487499 -419.4101 54.85201562420764
-113.56717 654.3906492331207 -416.49313 73.22222492021197
-144.17769 790.2042838905717 -418.6604 59.95485153976438
-141.96078 780.0728351273206 -413.16428 92.76144753505297
-142.21858 783.4499847150709 -402.27527 156.4448397612014
-142.2202 782.0026348917493 -391.99918 212.891482870742
-142.2867 783.4128731811397 -369.8356 338.9593636354425
-140.53734 775.3526397126856 -355.67343 420.73430846835856
-170.237 909.3787437818687 -348.18204 460.9431018839349
-170.37508 909.3787437818687 -337.7635 514.8568828026628
-175.60898 932.7141670551007 -321.977 610.5010742442307
-169.02579 902.5926347201405 -321.35428 612.2017405153265
-170.67395 913.6381991612786 -302.0195 723.8000295240673
-168.61124 903.84932595283 -288.93988 795.3461670913628
-121.2534 684.5336764743911 -254.81706 986.994787025582
-188.75336 990.6546579911695 -288.46085 795.8944053499355
-218.291 1128.1528912067174 -288.57104 795.8944053499354
-232.19714 1192.318733373973 -288.74194 795.4119554088281
-256.53833 1302.8930609687518 -293.19745 770.2838564251398
-280.46265 1409.6407030460837 -329.30228 565.8790981213032
-280.43515 1409.4816536149497 -341.9347 494.1522227195161
-277.76642 1397.7915204265832 -357.73322 404.24953177088884
-277.74673 1396.850844673801 -369.74826 336.7850379301161
-268.84396 1357.4744156569636 -370.17993 327.55426196713654
