
-120.743904 747.4270696863425 -346.49866 522.3119300711874
-94.92051 640.9021226898761 -338.36972 530.9938360568389
-114.56134 720.6163239656321 -330.98242 564.5775512931041
-117.28591 734.6989042623775 -307.90646 667.4828674712669
-115.24945 723.3808076982922 -288.62027 754.4150509117737
-114.86579 722.1527426223903 -249.40617 927.420054825207
-121.98407 751.6409984973136 -259.62225 882.5253586753219
-136.57678 811.6654124773165 -259.28586 882.4677743477308
-143.52306 841.5252776995351 -257.19324 893.9848499011023
-158.6957 900.4734880956953 -256.82806 893.7963186034507
-182.95595 1000.7215074373354 -257.16214 893.5677896839788
-198.09427 1058.9963819026507 -256.90286 892.8060266190728
-263.4412 1325.65314848548 -346.86823 492.9740913126236
-280.59045 1396.0498012134065 -355.54932 453.2763306007828
-280.60352 1395.7482700002145 -331.66302 561.5260361367074
-273.57126 1368.8426960330337 -363.7738 418.73883306989154
-261.81668 1318.0961309782797 -381.96707 335.2763634909678
-257.61816 1301.6666128751408 -389.27985 300.61712975599295
-251.54065 1273.9937558208444 -426.16235 133.92704766029448
-212.42967 1119.1198332667248 -383.4218 329.4110507493917
