-280.5668 1331.9298567870858 -331.6815 564.5668766830552
-280.53107 1331.3267943607018 -355.38123 462.04626419777844
-273.59012 1308.5303069662516 -363.87463 428.577231014914
-281.02878 1333.4281699983903 -382.16354 349.7311263539684
-261.8282 1267.1049239301756 -381.98795 349.8101271913039
-261.2738 1268.36475608994 -390.91547 311.78318346499975
-252.26273 1232.1810105069012 -390.94534 310.81828358278534
-251.54065 1229.7368339670275 -426.37854 158.63843647315238
-212.07927 1100.5809643164582 -426.70703 157.93486364237106
-211.56433 1099.2240738570943 -390.94733 310.8111887307102
-114.385765 765.9213932916057 -337.36047 538.4582253370256
-108.24752 744.9348208534432 -337.46182 540.629250072008
-95.00782 700.4288137863053 -338.30994 535.9253631462129
-115.39925 769.7419954547074 -288.6489 747.4554188214661
-115.13014 768.3967023496971 -250.0339 911.6043723414443
