-300.43777 1617.6930122679046 -91.70257 412.94400696286476
-259.348 1528.9164870689656 78.308365 768.0501077586207
-13.134639 974.063204575597 200.12796 1032.1602702254643
1.7765949 972.9735143627921 199.70932 957.4300200069324
71.987656 825.1807763895584 139.4751 898.9182193076317
61.10015 848.3837318392812 105.6874 834.8578857833974
74.881035 818.3802207356221 65.96436 749.9154928449778
118.16941 724.5475957698216 67.97686 751.4817262116608
149.80762 656.0923179885016 59.041836 734.6017208556109
236.76399 471.73651013794705 -101.41347 391.47260455165645
228.15266 489.07567521586486 -170.15575 243.742918087797
193.4891 564.6744349555863 -229.55128 117.51379632055558
190.65292 569.5294011774033 -257.0623 57.86706845251845
200.74121 551.4966694963689 -271.4901 28.04370451849985
74.54688 817.8262450931859 -229.14682 116.12666311432216
-1.6680958 982.8950966349631 -206.49837 165.36989193560865
-67.434006 1122.599226691329 -237.1586 97.0040410569614
-126.8482 1246.2522439327083 -237.82285 98.58933614979958
-182.71149 1369.1126136276685 -227.67325 121.57611499595345
-181.83617 1365.9420234419922 -168.85246 244.43648469091363
-125.25766 1246.3843518571118 34.487804 682.3742540874654
-82.051056 1154.833560245706 -18.296734 572.328353059614
-50.72976 1084.5521444632125 -44.08993 514.0687583978103
5.9314437 962.4844223146714 -68.787384 465.0567184442294
43.069317 886.3490241729424 -145.56831 295.40332159861805
-1.3566463 980.5243598824915 -26.599485 552.5093621098309
30.646484 914.2146502887861 0.6029234 609.8797688189211
55.28823 859.5829424740543 71.123314 758.4097244402228
217.83974 513.4983655788009 -134.2802 320.61607277938356
201.22594 547.4765237352996 -200.86618 177.539125791524
180.93938 590.3235272167318 -226.21378 124.29562898660474