-158.60933 1266.9607671054769 75.87798 560.230884229915
-163.57799 1285.1341459450673 57.27312 493.1291777452733
-170.06157 1307.5013814399476 33.17399 408.55306853025627
-136.57947 1188.6754428733948 27.626379 393.87457023674085
-132.17825 1173.2979684706645 40.029316 431.6192801343518
-133.58678 1177.4918251259546 54.913826 487.5373688715532
-124.230965 1145.3389241020639 50.184685 471.4609183596077
-87.46424 1011.9683004695219 40.797302 435.7908880485556
-73.492 954.6522595138905 63.79033 522.4639255912177
-134.363 1168.5389489336858 81.469284 575.5861098915591
-123.80438 1143.375809001945 98.37871 637.0960075024806
-81.1673 992.3969694115015 80.68917 575.5861098915591
-57.119385 907.842029115561 98.288765 637.7705307190013
-89.42646 1024.6121555961874 118.86946 712.1909282295413
-90.42501 1026.8014619734079 159.46597 853.813293283346
-94.30014 1042.0518498108265 152.9746 827.7605473944227
-45.315964 867.9432553336312 126.0867 734.9873547167931
-70.77041 955.6329853987879 162.31012 862.0739200286143
-79.61585 987.4046267267432 164.63022 873.5117109066783
-73.70675 965.7999106237337 170.58456 893.8455613565698
-52.709755 887.0062401304044 180.17783 926.8880683376433
-43.47355 860.3180614149219 187.20012 945.3156203078573
-29.236485 810.7543009433116 180.42294 928.1589339907615
-105.26976 1079.540048877933 -14.061857 244.35177570097693
-115.034996 1115.3625744752026 -22.475899 216.39273133237623
-171.07466 1307.5810045093322 -3.9027112 279.73744122998716
-168.39275 1303.4543570953133 -22.442297 213.45952801692027
-130.95421 1165.0570874707398 -32.38037 177.1127703377394
-117.51528 1130.108282009989 -34.690434 174.31686590087935
-127.70126 1158.0673263785895 10.510458 328.0916099281831
-83.333244 1002.1956540236408 0.41150287 296.63768501350734
-67.89704 946.9765413956544 -13.088415 248.4083334776712
-52.474525 946.9765413956544 -41.948845 248.4083334776712
-80.76889 993.4236551465224 -29.287584 192.84729747158394
