12.398394 969.3441493850985 412.19635 762.7597858768385
8.476476 974.1080412044861 253.98425 524.677286479684
9.200322 974.1080412044862 143.17174 360.07081267331796
1.9592955 982.7390922654942 30.113886 192.38182063087757
-78.15981 1105.42331806125 209.84546 462.41041811098376
-219.9171 1317.5261175537005 207.74026 458.17289886477715
-250.30347 1361.1154034543042 207.72055 458.65535044158406
51.224873 908.6429908784849 242.28249 510.3630695295252
77.76479 870.1731632922779 242.38911 508.8834607762095
109.41937 822.4557809978483 241.95462 509.2533629645385
151.39105 759.942311170262 241.92542 509.2533629645385
215.28403 668.2065684646917 239.46953 507.7737542112228
-133.00919 1185.3438699894268 57.45393 231.10948962758061
-97.6675 1133.6998336958134 75.16913 257.9985333176439
-83.751045 1111.9325126133813 146.88652 365.5547080778969
50.03638 912.6121411330711 141.78409 359.57936503566054
79.37852 811.8849298496596 89.707695 232.81673049679094
81.38638 866.0898274470886 51.190388 222.57328528152874
159.51941 745.3025359504552 177.0975 411.6502115465767
169.0127 733.565254974634 270.11237 551.1815850864157
154.99673 791.1312830333211 320.36932 625.3932116199037
198.975 686.4027259626976 376.5282 710.7019038032593
282.6317 562.947870607923 415.29965 768.2679318619462
179.60678 602.4811669855756 389.05862 657.2972753632725
-38.456383 1041.7553050397878 344.43582 661.5182775198939
-64.97489 1084.3645142572946 357.94382 684.1087325928381
-132.70688 1184.2381051061009 350.4137 672.395163295756
-229.53697 1330.3494694960214 350.51013 672.395163295756
-184.11868 1263.767075596817 293.83725 589.1671709217505
-212.80943 1307.5388345490717 237.40376 502.856660311671
-176.03519 1248.9709880636606 242.94917 510.87120772546416
-161.82597 1228.6263677055704 274.93817 559.5749958554376
-98.77411 1134.9178133289124 287.8611 578.0701052718832
-20.923193 1019.01512765252 270.64288 554.0264630305039
28.05659 946.2676972811671 230.0268 489.91008372015915
59.838837 896.3309018567641 206.71667 454.7693758289124
91.08111 852.5591429045094 183.83583 421.47817887931035
128.45285 795.2243037135279 178.57025 415.9296460543766
87.38338 857.4911720822281 111.122604 313.59004061671084
97.64892 840.8455736074271 88.24513 280.9153473143235